24.0  32.0  39.0  42.5  48.0  54.5  61.0  65.0  72.0 
22.5  30.5  40.5  45.0  51.0  58.5  64.0  72.0  78.0 
22.5  28.0  36.5  41.0  47.5  55.0  61.0  68.0  76.0 
24.0  31.5  39.5  44.5  51.0  56.0  59.5  64.0  67.0 
24.5  31.5  37.0  42.5  48.0  54.0  58.0  63.0  65.5 
23.0  30.0  35.5  41.0  48.0  51.5  56.5  63.5  69.5 
22.5  28.5  36.0  43.5  47.0  53.5  59.5  67.5  73.5 
23.5  30.5  38.0  41.0  48.5  55.0  59.5  66.5  73.0 
20.0  27.5  33.0  39.0  43.5  49.0  54.5  59.5  65.0 
25.5  32.5  39.5  47.0  53.0  58.5  63.0  69.5  76.0 
24.5  31.0  40.5  46.0  51.5  57.0  62.5  69.5  76.0 
24.0  29.0  39.0  44.0  50.5  57.0  61.5  68.0  73.5 
23.5  30.5  36.5  42.0  47.0  55.0  59.0  65.5  73.0 
21.5  30.5  37.0  42.5  48.0  52.5  58.5  63.0  69.5 
25.0  32.0  38.5  44.0  51.0  59.0  66.0  75.5  86.0 
21.5  28.5  34.0  39.5  45.0  51.0  58.0  64.5  72.5 
31.0  38.0  48.0  54.0  60.0  62.0  66.5  75.5  84.0 
27.5  32.5  36.0  43.0  49.5  52.5  56.0  61.0  64.0 
30.0  37.0  45.0  51.0  58.0  63.0  67.5  74.5  81.0 
26.0  32.0  40.5  45.5  52.5  55.5  62.5  69.5  74.0 
26.0  32.5  39.5  44.0  48.0  54.5  58.0  66.0  73.0 
28.5  35.5  41.5  47.5  54.0  59.5  63.5  71.0  78.5 
26.5  34.5  42.0  48.5  55.5  62.0  68.0  76.5  85.0 
27.5  33.5  41.0  45.0  50.5  56.0  62.5  71.0  78.0 
22.5  27.0  33.5  38.5  41.0  49.0  56.0  64.0  68.0 
22.0  26.5  32.5  38.5  43.5  50.5  56.5  63.5  68.5 
23.5  29.0  35.5  40.0  45.0  50.0  56.5  63.0  67.5 
22.5  29.5  36.5  42.0  45.0  55.0  61.0  68.0  72.0 
27.5  34.5  42.0  47.5  53.0  63.0  72.0  79.0  85.5 
23.5  28.0  33.0  37.0  38.5  48.0  52.5  62.0  64.5 
24.5  30.0  38.5  42.0  47.5  54.0  62.5  71.5  77.0 
24.5  31.5  40.5  46.5  51.5  61.5  68.5  77.5  84.5 
24.5  32.0  39.0  45.0  51.0  55.5  61.5  69.0  75.5 
24.0  32.5  40.0  48.0  54.5  61.5  68.0  74.5  81.0 
24.0  31.5  38.5  44.0  51.5  57.5  64.0  72.5  79.0 
24.5  32.5  39.5  44.5  52.5  56.5  62.0  67.5  72.5 
24.5  32.0  38.5  44.0  50.0  56.0  63.5  69.5  76.0 
25.5  33.0  41.5  47.0  55.5  60.5  66.5  77.0  82.0 
25.5  32.0  39.0  45.5  51.0  57.5  63.5  72.0  78.5 
25.0  31.0  36.5  43.0  50.5  55.0  62.5  69.0  75.5 
26.5  30.5  33.0  39.0  43.5  49.5  56.5  61.0  65.0 
24.0  32.0  39.0  44.5  50.0  56.0  63.0  67.5  74.0 
24.5  31.0  37.5  43.5  48.0  56.0  62.5  66.5  70.5 
27.0  34.5  42.0  48.5  53.0  60.0  67.0  73.0  76.0 
31.0  39.0  47.5  51.0  57.0  64.0  71.0  77.0  80.5 
27.0  33.5  40.0  46.5  53.0  60.0  66.5  72.5  80.0 
29.5  37.0  46.0  52.5  60.0  67.5  76.0  81.5  88.0 
28.5  36.0  42.5  49.0  55.0  63.5  72.0  78.5  85.5 
